01 04 08 10 12 22     
01 04 10 12 18 22	  
01 08 10 14 20 24	  
01 08 12 14 20 22	  
02 04 10 12 18 21	  
02 04 10 18 21 22
02 04 12 15 20 24
02 08 10 12 15 20
02 08 10 12 20 25
02 08 10 15 20 22
02 10 12 14 18 21
02 10 12 15 18 20
03 08 10 12 14 20
03 08 10 12 20 24
03 08 10 14 20 22
03 10 12 14 18 20
04 05 08 10 18 22
04 07 10 12 20 24
04 08 10 11 20 24
04 08 10 12 20 23	 
04 10 11 12 18 22	  


02 04 10 18 21 22
04 05 08 10 18 22
04 08 10 11 20 24
04 10 11 12 18 22



奇偶比 4:2
质合比 1:5
和尾 7/6/8
和值不在79-125之间且极有可能大于125
首尾值小于29

1.加减法 3，4，5 上期命中2个
2.和值取商法 4，3，2，1  上期命中3个
3.9、11进制法 9进制至少1个，至多3个，11进制至少1个，至多2个  9进制上期未命中，11进制命中2个
4.每期必有法 命中0个，可能1-2个
5.质数法 命中1个，至多2个
6.尾数定胆法 命中0个
7.中间数定胆法 命中1个或2个，很大可能2个
8.黄金分割定胆法 至少命中1个，至多3个，很大可能3个


上一期(39期)开奖号码：02 06 12 29 30 31 10
本期(40期)预测号码如下：

两两相互加减（19个)，命中0、1、6个的概率很低，命中2、5个概率其次，命中3、4个概率较大
1 2 4 6 8 10 14 17 18 19 23 24 25 27 28 29 31 32 33

和值计算法(13个)，命中0、5、6个的概率很低，命中1个概率其次，命中2、3、4个概率较大
2 4 7 8 12 14 17 18 22 24 27 28 32

9进制(6个)，一般出1-2个：
3 11 15 20 21 22

11进制(7个)，一般出1-2个：
1 13 17 18 19 20 23

尾数定胆(2个，下期尾数)，不是很准：
6 9

中间数定胆(4个)，不是很准：
4 9 20 21

黄金分割定胆(10个)，很准：
1 2 3 4 7 8 17 18 19 20

明暗点：75/66

明暗点尾数：2 5 6 7
