39期开奖结果：2 6 12 29 30 31 10
39期猜测验证结果如下：

两两加减计算法得到结果(命中2个)：2 4 5 8 9 10 13 15 17 18 19 21 23 26 28 31 33
和值取商计算法得到结果(命中3个)：2 3 4 5 10 12 13 14 15 20 22 23 24 25 30 32 33
9进制计算法得到结果(命中0个)：1 9 14 17 18 19 22 27 32
11进制计算法得到结果(命中2个)：7 12 16 19 20 21 29
每期必有号码计算法结果(命中1个)：4 5 13 14 20 21 27 28 29
质数计算法结果(命中3个)：1 2 3 5 7 11 13 17 19 23 29 31
尾数定胆计算法结果(命中1个)：2 5
中间数定胆计算法结果(命中1个)：9 14 20 21 25 29
黄金分割定胆计算法结果(命中2个)：4 5 6 7 11 12 14 15 16 17 19 20


40期开奖结果：11 14 18 19 23 26 2
40期猜测验证结果如下：

两两加减计算法得到结果(命中4个)：1 2 4 6 8 10 14 17 18 19 23 24 25 27 28 29 31 32 33
和值取商计算法得到结果(命中2个)：2 4 7 8 12 14 17 18 22 24 27 28 32
9进制计算法得到结果(命中1个)：3 11 15 20 21 22
11进制计算法得到结果(命中3个)：1 13 17 18 19 20 23
每期必有号码计算法结果(命中1个)：4 5 13 14 20 21 27 28 29
质数计算法结果(命中3个)：1 2 3 5 7 11 13 17 19 23 29 31
尾数定胆计算法结果(命中2个)：6 9
中间数定胆计算法结果(命中0个)：4 9 20 21
黄金分割定胆计算法结果(命中2个)：1 2 3 4 7 8 17 18 19 20


41期开奖结果：2 9 12 22 25 33 16
41期猜测验证结果如下：

两两加减计算法得到结果(命中4个)：1 3 4 5 7 8 9 12 15 25 29 30 32 33
和值取商计算法得到结果(命中3个)：3 4 5 6 9 13 14 15 16 19 23 24 25 26 29 33
9进制计算法得到结果(命中2个)：2 5 9 10 14 17 20 23 27 28 32
11进制计算法得到结果(命中3个)：3 7 8 12 15 22 25 29 30
每期必有号码计算法结果(命中0个)：4 5 13 14 20 21 27 28 29
质数计算法结果(命中1个)：1 2 3 5 7 11 13 17 19 23 29 31
尾数定胆计算法结果(命中2个)：2 5
中间数定胆计算法结果(命中2个)：12 13 16 21 24 25
黄金分割定胆计算法结果(命中2个)：6 7 8 9 11 12 14 15 16